  2  1 10  0.0050   1.5000   2.5000 ! C-Atom
  2  1 12  0.0050  20.0000  70.0000
  2  1 20  0.0050   0.0001  25.0000
  2  1 21  0.0050   0.0001  40.0000
  2  1 22  0.0050   0.0001  25.0000
  2  1 25  0.0050 -20.0000   2.0000
  2  1 26  0.0050   2.0000   4.5000
  2  1 29  0.0050   2.7000   3.1000
  2  2 10  0.0050   4.0000   6.0000 ! H-Atom
  2  2 20  0.0050   0.0001   5.0000
  2  2 21  0.0050   0.0001   5.0000
  2  2 22  0.0050   0.0001   5.0000
  2  2 25  0.0050 -20.0000   2.0000
  2  4  1  0.0050   1.6000   1.8500 ! S-Atom
  2  4  4  0.0050   1.7000   2.0000
  2  4  5  0.0050   0.0001   1.0000
  2  4  9  0.0050   8.0000  12.0000
  2  4 10  0.0050   4.0000   6.0000
  2  4 12  0.0050  20.0000  70.0000
  2  4 20  0.0050   0.0001  25.0000
  2  4 21  0.0050   0.0001  40.0000
  2  4 22  0.0050   0.0001  25.0000
  2  4 25  0.0050 -20.0000   2.0000
  2  4 26  0.0050   2.0000   4.5000
  2  4 29  0.0050   2.7000   3.1000
  3  4  1  0.0050 121.0000 125.0000 ! CS-Bond
  3  4  4  0.0050  -1.0000   2.0000
  3  4  8  0.0050   0.0001   1.0000
  3  4  9  0.0050   0.0001  10.0000
  3  4 13  0.0050  -0.3000  -0.0001
  3  4 14  0.0050   2.0000  10.0000
  3  7  1  0.0050 120.0000 160.0000 ! SH-Bond
  3  7  4  0.0050  -1.0000   2.0000
  3  7  8  0.0050   0.0001   1.0000
  3  7  9  0.0050   0.0001  10.0000
  3  7 13  0.0050  -0.3000  -0.0001
  3  7 14  0.0050   2.0000  10.0000
  3 10  1  0.0050 116.0000 119.0000 ! SS-Bond
  3 10  4  0.0050  -1.0000   2.0000
  3 10  8  0.0050   0.0001   1.0000
  3 10  9  0.0050   0.0001  10.0000
  3 10 13  0.0050  -0.3000  -0.0001
  3 10 14  0.0050   2.0000  10.0000
  4  3  1  0.0050   0.0001   1.0000 ! CS-OD
  4  3  2  0.0050   1.8000   2.2000
  4  3  3  0.0050   8.0000  12.0000
  4  3  4  0.0050   1.3500   1.5500
  4  5  1  0.0050   0.0001   0.5000 ! SH-OD
  4  5  2  0.0050   1.3000   1.6000
  4  5  3  0.0050   8.0000  12.0000
  4  5  4  0.0050   1.2000   1.4500
  5  4  1  0.0050  50.0000  95.0000 ! CCS-Angle
  5  4  2  0.0050   0.0001  50.0000
  5  4  3  0.0050   0.0001  10.0000
  5  4  5  0.0050   0.0001   5.0000
  5  4  7  0.0050   1.0000   3.0000
  5 10  1  0.0050  50.0000  95.0000 ! CSC-Angle
  5 10  2  0.0050   0.0001  50.0000
  5 10  3  0.0050   0.0001  10.0000
  5 10  5  0.0050   0.0001   5.0000
  5 10  7  0.0050   1.0000   3.0000
  5 13  1  0.0050  50.0000  95.0000 ! CSS-Angle
  5 13  2  0.0050   0.0001  50.0000
  5 13  3  0.0050   0.0001  10.0000
  5 13  5  0.0050   0.0001   5.0000
  5 13  7  0.0050   1.0000   3.0000
  5 20  1  0.0050  50.0000  95.0000 ! HSH-Angle
  5 20  2  0.0050   0.0001  50.0000
  5 20  3  0.0050   0.0001   5.0000
  5 20  5  0.0050   1.0000   3.0000
  5 22  1  0.0050  50.0000  95.0000 ! HSS-Angle
  5 22  2  0.0050   0.0001  50.0000
  5 22  3  0.0050   0.0001   5.0000
  5 22  5  0.0050   1.0000   3.0000
  5 29  1  0.0050  50.0000  95.0000 ! SCS-Angle
  5 29  2  0.0050   0.0001  50.0000
  5 29  3  0.0050   0.0001  10.0000
  5 29  5  0.0050   0.0001   5.0000
  5 29  7  0.0050   1.0000   3.0000
  6  5  1  0.0050   0.0001  15.0000 ! CSSC-Dihedral
  6  5  2  0.0050 -20.0000 -12.0000
  6  5  3  0.0050  -3.0000   3.0000
  6  5  4  0.0050   0.0000 -10.0000
  6 15  1  0.0050   0.0001  15.0000 ! HSSH-Dihedral
  6 15  2  0.0050 -22.0000 -10.0000
  6 15  3  0.0050  -8.0000   8.0000
  6 15  4  0.0050   0.0000 -10.0000
