2 6 6 1.0 0.3 0.76
2 6 14 1.0 -1.0 8.0
2 6 15 1.0 5.5 9.0
3 17 1 1.0 150.0 250.0
3 17 4 1.0 -1.0 -0.0010
3 17 8 1.0 0.1 1.0
3 17 9 1.0 0.01 21.0
3 17 13 1.0 -0.15 -0.03
3 17 14 1.0 4.5 7.5
3 18 1 1.0 150.0 300.0
3 18 2 1.0 5.0 150.0
3 18 4 1.0 -1.0 -0.0010
3 18 8 1.0 0.1 1.0
3 18 9 1.0 0.01 20
3 18 10 1.0 -0.55 -0.15
3 18 11 1.0 10.0 30.3
3 18 13 1.0 -0.15 -0.08
3 18 14 1.0 5.0 8.0
4 8 1 1.0 0.0250 0.2
4 8 2 1.0 1.4 1.9
4 8 3 1.0 10.0 14.0
4 8 4 1.0 1.1 1.5
4 9 1 1.0 0.1 0.2 
4 9 2 1.0 1.9 2.2
4 9 3 1.0 10.0 14.0
4 9 4 1.0 1.6 2.2
4 9 5 1.0 1.2 1.5
5 51 1 1.0 20.0 100.0
5 51 2 1.0 1.0 40.0
5 51 3 1.0 0.5 8.0
5 51 5 1.0 0.01 4.0
5 51 7 1.0 1.04 3.0
5 52 1 1.0 20.0 100.0
5 52 2 1.0 1.0 40.0 
5 52 3 1.0 0.5 8.0
5 52 5 1.0 0.01 4.0 
5 52 7 1.0 1.04 3.0 
5 53 1 1.0 20.0 100.0 
5 53 2 1.0 1.0 40.0 
5 53 3 1.0 0.5 8.0 
5 53 5 1.0 0.01 4.0  
5 53 7 1.0 1.04 3.0  
5 54 1 1.0 20.0 100.0 
5 54 2 1.0 1.0 40.0  
5 54 3 1.0 0.5 8.0 
5 54 5 1.0 0.01 4.0  
5 54 7 1.0 1.04 3.0  
5 55 1 1.0 20.0 100.0 
5 55 2 1.0 1.0 40.0  
5 55 3 1.0 0.5 8.0 
5 55 5 1.0  0.01 4.0 
5 55 7 1.0 1.04 3.0  
5 56 1 1.0 20.0 100.0 
5 56 2 1.0 1.0 40.0  
5 56 3 1.0 0.5 8.0 
5 56 5 1.0  0.01 4.0 
5 56 7 1.0 1.04 3.0  
5 57 1 1.0 20.0 100.0 
5 57 2 1.0  1.0 40.0 
5 57 3 1.0 0.5 8.0 
5 57 5 1.0  0.01 4.0 
5 57 7 1.0 1.04 3.0  
5 58 1 1.0 20.0 100.0 
5 58 2 1.0 1.0 40.0  
5 58 3 1.0 0.5 8.0 
5 58 5 1.0  0.01 4.0 
5 58 7 1.0 1.04 3.0  
